<<<<<<< HEAD
20 13 0
00000000000000000000
00000000000000000000
00022222222200000000
00022222222200000000
00022222222200000000
00022222222200000000
00022222222200000000
00022222222200000000
00022222222200000000
00022222222200000000
00022222222200000000
00022222222200000000
00022222222200000000
=======
20 13 1
00000000000000000000
00001111110000000000
00011000011110000000
00010000000010000000
00010011000010000000
00010011000011000000
00011000000011000000
00011000011001000000
00001000011001000000
00001000000001000000
00001111000011000000
00000001111110000000
00000000000000000000
>>>>>>> 7ad55d4fcb0d1f04a5706a824473d5ffe400ea62

00000000000000000000
00000000000000000000
00000000000000000000
00000011000000000000
00000105111000000000
00000150121000000000
00000011611000000000
00000012105100000000
00000011150100000000
00000000011000000000
00000000000000000000
00000000000000000000
00000000000000000000
